  2.500000e-01  -2.557744e+01 
  2.619039e-01  -2.557744e+01 
  2.743747e-01  -2.659476e+01 
  2.874393e-01  -2.691420e+01 
  3.011259e-01  -2.752167e+01 
  3.154642e-01  -2.761638e+01 
  3.304853e-01  -2.775217e+01 
  3.462216e-01  -2.675867e+01 
  3.627072e-01  -2.773126e+01 
  3.799778e-01  -2.717354e+01 
  3.980707e-01  -2.707056e+01 
  4.170251e-01  -2.726413e+01 
  4.368821e-01  -2.795649e+01 
  4.576846e-01  -2.813360e+01 
  4.794776e-01  -2.922540e+01 
  5.023082e-01  -2.782518e+01 
  5.262260e-01  -2.791322e+01 
  5.512827e-01  -2.860444e+01 
  5.775324e-01  -2.925427e+01 
  6.050321e-01  -2.773285e+01 
  6.338411e-01  -2.884582e+01 
  6.640220e-01  -2.937015e+01 
  6.956398e-01  -2.947308e+01 
  7.287633e-01  -3.010725e+01 
  7.634639e-01  -3.136142e+01 
  7.998168e-01  -3.091350e+01 
  8.379006e-01  -3.061040e+01 
  8.777980e-01  -3.259224e+01 
  9.195949e-01  -3.308612e+01 
  9.633821e-01  -3.283565e+01 
  1.009254e+00  -3.114364e+01 
  1.057311e+00  -3.058486e+01 
  1.107655e+00  -4.134102e+01 
  1.160397e+00  -3.525965e+01 
  1.215650e+00  -4.084498e+01 
  1.273535e+00  -3.932430e+01 
  1.334175e+00  -3.825613e+01 
  1.397703e+00  -4.163508e+01 
  1.464255e+00  -4.539716e+01 
  1.533977e+00  -3.286621e+01 
  1.607018e+00  -3.243549e+01 
  1.683538e+00  -2.613736e+01 
  1.763701e+00  -2.408016e+01 
  1.847680e+00  -2.306351e+01 
  1.935659e+00  -2.086827e+01 
  2.027827e+00  -1.767818e+01 
  2.124384e+00  -1.544385e+01 
  2.225538e+00  -9.714470e+00 
  2.331508e+00  -6.265732e+00 
  2.442525e+00  -5.486560e+00 
  2.558828e+00  -4.039403e+00 
  2.680668e+00  -5.901733e+00 
  2.808310e+00  -1.198732e+01 
  2.942030e+00  -1.598508e+01 
  3.082117e+00  -2.894090e+01 
  3.228874e+00  -2.874254e+01 
  3.382619e+00  -1.894609e+01 
  3.543685e+00  -1.520631e+01 
  3.712421e+00  -1.366584e+01 
  3.889190e+00  -8.698437e+00 
  4.074377e+00  -7.284150e+00 
  4.268382e+00   6.373223e+00 
  4.471624e+00   1.632799e+01 
  4.684544e+00   1.625039e+01 
  4.907602e+00   1.358525e+01 
  5.141281e+00   1.017697e+01 
  5.386087e+00   8.771004e+00 
  5.642550e+00   5.901162e+00 
  5.911223e+00   4.856393e+00 
  6.192691e+00   4.824920e+00 
  6.487561e+00   4.130576e+00 
  6.796471e+00   4.089781e+00 
  7.120090e+00   4.785977e+00 
  7.459118e+00   5.617103e+00 
  7.814290e+00   7.310628e+00 
  8.186373e+00   1.146037e+01 
  8.576173e+00   1.234447e+01 
  8.984534e+00   1.207760e+01 
  9.412339e+00   1.014107e+01 
  9.860516e+00   5.843212e+00 
  1.033003e+01   3.347679e+00 
  1.082190e+01   3.620995e-01 
  1.133720e+01  -2.759343e+00 
  1.187703e+01  -4.433959e+00 
  1.244256e+01  -7.068861e+00 
  1.303502e+01  -7.897912e+00 
  1.365569e+01  -9.480181e+00 
  1.430592e+01  -1.110399e+01 
  1.498711e+01  -1.217126e+01 
  1.570073e+01  -1.304960e+01 
  1.644833e+01  -1.435403e+01 
  1.723153e+01  -1.591673e+01 
  1.805202e+01  -1.653033e+01 
  1.891158e+01  -1.774259e+01 
  1.981207e+01  -1.868249e+01 
  2.075544e+01  -1.904384e+01 
  2.174372e+01  -2.135861e+01 
  2.277907e+01  -2.173697e+01 
  2.386371e+01  -2.232484e+01 
  2.500000e+01  -2.317686e+01 
