Input File: f:\srs004.78d
Measure Group: Swept Sine
Measurement: Freq. Resp.
Num of extracted Points: 200
Start Freq.: 25 Hz
Stop  Freq.: 1 Hz
Sweep Type: Log
Auto Level: Channel 2
Ideal Ref.:   8.0 mV
Ref. Upper Limit:   6.0 dB
Ref. Lower Limit:  -6.0 dB
Max Source:   8.0 mV
Source Ramping: Off
Source Offset:   0.0 mV
Settle Time:   7.8125 ms
Settle Cycles:    1
Integration Time:   15.625 ms
Integration Cycles:   30

    X[Hz]         Mag[dB]     
  1.000000e+00  -1.929561e+01 
  1.016307e+00  -1.916311e+01 
  1.032879e+00  -1.831367e+01 
  1.049722e+00  -1.869738e+01 
  1.066840e+00  -2.003398e+01 
  1.084237e+00  -1.878418e+01 
  1.101917e+00  -1.942068e+01 
  1.119886e+00  -1.975693e+01 
  1.138148e+00  -1.599773e+01 
  1.156707e+00  -1.467601e+01 
  1.175569e+00  -2.156345e+01 
  1.194739e+00  -1.880162e+01 
  1.214221e+00  -1.807635e+01 
  1.234021e+00  -1.971340e+01 
  1.254144e+00  -1.904472e+01 
  1.274595e+00  -1.925292e+01 
  1.295380e+00  -1.918362e+01 
  1.316504e+00  -1.896947e+01 
  1.337971e+00  -2.028015e+01 
  1.359789e+00  -1.977372e+01 
  1.381963e+00  -1.866641e+01 
  1.404499e+00  -1.893456e+01 
  1.427401e+00  -1.991277e+01 
  1.450678e+00  -1.937978e+01 
  1.474334e+00  -2.015588e+01 
  1.498375e+00  -2.014050e+01 
  1.522809e+00  -2.023547e+01 
  1.547641e+00  -2.019248e+01 
  1.572878e+00  -1.956376e+01 
  1.598527e+00  -1.897707e+01 
  1.624593e+00  -2.082382e+01 
  1.651085e+00  -2.088398e+01 
  1.678009e+00  -2.041106e+01 
  1.705372e+00  -1.912699e+01 
  1.733181e+00  -1.987546e+01 
  1.761444e+00  -1.879349e+01 
  1.790167e+00  -1.879706e+01 
  1.819359e+00  -1.909847e+01 
  1.849027e+00  -1.879160e+01 
  1.879179e+00  -1.848232e+01 
  1.909822e+00  -1.812372e+01 
  1.940965e+00  -1.753083e+01 
  1.972616e+00  -1.858547e+01 
  2.004783e+00  -1.878326e+01 
  2.037475e+00  -1.844680e+01 
  2.070699e+00  -1.620493e+01 
  2.104466e+00  -1.609988e+01 
  2.138783e+00  -1.605868e+01 
  2.173660e+00  -1.340513e+01 
  2.209105e+00  -1.343141e+01 
  2.245129e+00  -1.094351e+01 
  2.281739e+00  -6.992645e+00 
  2.318947e+00  -2.990534e+00 
  2.356762e+00   1.330226e+01 
  2.395193e+00   1.860007e+01 
  2.434251e+00   5.092423e+00 
  2.473946e+00   2.135358e+00 
  2.514288e+00   7.260236e+00 
  2.555288e+00   4.744133e+00 
  2.596956e+00   9.987689e-01 
  2.639304e+00  -1.262253e+01 
  2.682343e+00  -1.875547e+01 
  2.726083e+00  -2.346927e+01 
  2.770537e+00  -2.117330e+01 
  2.815715e+00  -1.867228e+01 
  2.861631e+00  -2.595660e+01 
  2.908295e+00  -1.935129e+01 
  2.955719e+00  -1.610575e+01 
  3.003918e+00  -2.202020e+01 
  3.052902e+00  -1.502889e+01 
  3.102685e+00  -1.581840e+01 
  3.153280e+00  -1.551984e+01 
  3.204700e+00  -1.259240e+01 
  3.256958e+00  -1.323504e+01 
  3.310069e+00  -1.269201e+01 
  3.364045e+00  -1.118875e+01 
  3.418902e+00  -1.142417e+01 
  3.474653e+00  -1.130581e+01 
  3.531314e+00  -8.377584e+00 
  3.588898e+00  -7.643970e+00 
  3.647421e+00  -6.598862e+00 
  3.706899e+00  -5.347588e+00 
  3.767347e+00  -4.425832e+00 
  3.828780e+00  -3.310836e+00 
  3.891215e+00  -2.272594e+00 
  3.954668e+00   5.921942e-02 
  4.019156e+00   5.482718e+00 
  4.084696e+00   7.080828e+00 
  4.151304e+00   9.207579e+00 
  4.218998e+00   1.092697e+01 
  4.287796e+00   1.274040e+01 
  4.357717e+00   1.640238e+01 
  4.428777e+00   2.055483e+01 
  4.500996e+00   2.013527e+01 
  4.574393e+00   1.857967e+01 
  4.648987e+00   1.526329e+01 
  4.724797e+00   1.266927e+01 
  4.801843e+00   1.127543e+01 
  4.880146e+00   9.340176e+00 
  4.959725e+00   8.370133e+00 
  5.040602e+00   7.407627e+00 
  5.122798e+00   6.450019e+00 
  5.206335e+00   5.755743e+00 
  5.291233e+00   4.809832e+00 
  5.377516e+00   4.519602e+00 
  5.465206e+00   4.404856e+00 
  5.554326e+00   3.883304e+00 
  5.644899e+00   3.629984e+00 
  5.736949e+00   3.415625e+00 
  5.830501e+00   3.466462e+00 
  5.925577e+00   2.982190e+00 
  6.022204e+00   2.847486e+00 
  6.120407e+00   2.946228e+00 
  6.220211e+00   2.953497e+00 
  6.321643e+00   3.101261e+00 
  6.424728e+00   3.250795e+00 
  6.529495e+00   3.363692e+00 
  6.635970e+00   3.450842e+00 
  6.744182e+00   3.709220e+00 
  6.854157e+00   3.948174e+00 
  6.965927e+00   4.075346e+00 
  7.079518e+00   4.365653e+00 
  7.194963e+00   4.742707e+00 
  7.312289e+00   5.528437e+00 
  7.431530e+00   5.663417e+00 
  7.552714e+00   6.760525e+00 
  7.675874e+00   7.289582e+00 
  7.801043e+00   8.256082e+00 
  7.928253e+00   8.811343e+00 
  8.057537e+00   1.037954e+01 
  8.188930e+00   1.102216e+01 
  8.322465e+00   1.263318e+01 
  8.458178e+00   1.274105e+01 
  8.596103e+00   1.396150e+01 
  8.736278e+00   1.313700e+01 
  8.878738e+00   1.193386e+01 
  9.023522e+00   1.071957e+01 
  9.170667e+00   8.969145e+00 
  9.320210e+00   7.617714e+00 
  9.472194e+00   6.123711e+00 
  9.626655e+00   4.746194e+00 
  9.783634e+00   3.419712e+00 
  9.943173e+00   2.328737e+00 
  1.010532e+01   1.539433e+00 
  1.027010e+01   3.654309e-01 
  1.043757e+01  -5.380235e-01 
  1.060778e+01  -1.446341e+00 
  1.078075e+01  -2.184890e+00 
  1.095655e+01  -2.940947e+00 
  1.113522e+01  -3.811926e+00 
  1.131680e+01  -4.456710e+00 
  1.150134e+01  -4.915118e+00 
  1.168889e+01  -5.803788e+00 
  1.187950e+01  -6.772511e+00 
  1.207321e+01  -6.815557e+00 
  1.227009e+01  -7.740013e+00 
  1.247018e+01  -8.067986e+00 
  1.267352e+01  -8.592785e+00 
  1.288019e+01  -8.929166e+00 
  1.309022e+01  -1.005670e+01 
  1.330368e+01  -1.013368e+01 
  1.352062e+01  -1.051265e+01 
  1.374110e+01  -1.147438e+01 
  1.396517e+01  -1.155805e+01 
  1.419290e+01  -1.243660e+01 
  1.442434e+01  -1.245754e+01 
  1.465956e+01  -1.268463e+01 
  1.489861e+01  -1.326510e+01 
  1.514155e+01  -1.382309e+01 
  1.538846e+01  -1.453191e+01 
  1.563940e+01  -1.465969e+01 
  1.589443e+01  -1.542906e+01 
  1.615362e+01  -1.604650e+01 
  1.641703e+01  -1.641720e+01 
  1.668474e+01  -1.618478e+01 
  1.695681e+01  -1.654668e+01 
  1.723332e+01  -1.696549e+01 
  1.751434e+01  -1.788716e+01 
  1.779995e+01  -1.811446e+01 
  1.809021e+01  -1.888316e+01 
  1.838520e+01  -1.863399e+01 
  1.868500e+01  -1.894769e+01 
  1.898969e+01  -1.959485e+01 
  1.929936e+01  -1.972261e+01 
  1.961407e+01  -2.020462e+01 
  1.993391e+01  -2.093476e+01 
  2.025897e+01  -2.009416e+01 
  2.058932e+01  -2.136507e+01 
  2.092507e+01  -2.102538e+01 
  2.126629e+01  -2.207531e+01 
  2.161308e+01  -2.254748e+01 
  2.196552e+01  -2.232644e+01 
  2.232370e+01  -2.285163e+01 
  2.268773e+01  -2.304374e+01 
  2.305770e+01  -2.455956e+01 
  2.343369e+01  -2.380460e+01 
  2.381582e+01  -2.389536e+01 
  2.420418e+01  -2.415515e+01 
  2.459887e+01  -2.492044e+01 
  2.500000e+01  -2.541073e+01 
