Input File: f:\srs005.78d
Measure Group: Swept Sine
Measurement: Freq. Resp.
Num of extracted Points: 200
Start Freq.: 25 Hz
Stop  Freq.: 1 Hz
Sweep Type: Log
Auto Level: Channel 2
Ideal Ref.:   8.0 mV
Ref. Upper Limit:   6.0 dB
Ref. Lower Limit:  -6.0 dB
Max Source:   8.0 mV
Source Ramping: Off
Source Offset:   0.0 mV
Settle Time:   7.8125 ms
Settle Cycles:    1
Integration Time:   15.625 ms
Integration Cycles:   30

    X[Hz]         UP[deg]     
  1.000000e+00   2.178893e+00 
  1.016307e+00   9.323545e+00 
  1.032879e+00   1.320433e+00 
  1.049722e+00  -4.707503e-01 
  1.066840e+00   3.688587e+00 
  1.084237e+00   4.884324e+00 
  1.101917e+00   8.141646e+00 
  1.119886e+00  -9.460991e-01 
  1.138148e+00   1.304376e+01 
  1.156707e+00   1.999687e-01 
  1.175569e+00   4.563682e+00 
  1.194739e+00  -3.411713e+00 
  1.214221e+00   7.276962e+00 
  1.234021e+00   6.484791e+00 
  1.254144e+00   4.445890e-01 
  1.274595e+00   1.024370e+00 
  1.295380e+00  -4.440660e-01 
  1.316504e+00  -2.987181e-01 
  1.337971e+00  -1.278777e+00 
  1.359789e+00  -3.581798e+00 
  1.381963e+00   3.850537e+00 
  1.404499e+00   5.777050e-01 
  1.427401e+00  -2.439413e+00 
  1.450678e+00   6.243680e-01 
  1.474334e+00  -6.662986e+00 
  1.498375e+00  -1.681757e+00 
  1.522809e+00  -4.930830e+00 
  1.547641e+00  -2.532037e-01 
  1.572878e+00   3.223648e+00 
  1.598527e+00   8.578062e+00 
  1.624593e+00  -1.195870e+00 
  1.651085e+00  -2.287983e+00 
  1.678009e+00   1.555961e+00 
  1.705372e+00  -6.599344e-01 
  1.733181e+00  -3.810529e+00 
  1.761444e+00  -1.342943e+00 
  1.790167e+00  -2.611759e+00 
  1.819359e+00  -8.170918e+00 
  1.849027e+00   1.284617e+00 
  1.879179e+00   3.406095e-01 
  1.909822e+00  -3.356426e+00 
  1.940965e+00   6.449510e+00 
  1.972616e+00  -2.674920e-01 
  2.004783e+00   6.551873e+00 
  2.037475e+00  -1.798832e-01 
  2.070699e+00  -2.440077e+00 
  2.104466e+00   7.874869e+00 
  2.138783e+00  -5.796318e+00 
  2.173660e+00  -7.299939e+00 
  2.209105e+00   5.293195e+00 
  2.245129e+00  -2.724696e+00 
  2.281739e+00   8.476672e-01 
  2.318947e+00  -2.014791e+01 
  2.356762e+00  -1.364104e+01 
  2.395193e+00  -8.984732e+01 
  2.434251e+00  -1.480045e+02 
  2.473946e+00  -1.796367e+02 
  2.514288e+00  -1.965610e+02 
  2.555288e+00  -3.080345e+02 
  2.596956e+00  -3.360522e+02 
  2.639304e+00  -3.575834e+02 
  2.682343e+00  -2.698170e+02 
  2.726083e+00  -3.999689e+02 
  2.770537e+00  -5.252493e+02 
  2.815715e+00  -5.820842e+02 
  2.861631e+00  -5.114923e+02 
  2.908295e+00  -5.441169e+02 
  2.955719e+00  -5.476315e+02 
  3.003918e+00  -5.386749e+02 
  3.052902e+00  -5.358206e+02 
  3.102685e+00  -5.378839e+02 
  3.153280e+00  -5.438221e+02 
  3.204700e+00  -5.389126e+02 
  3.256958e+00  -5.394069e+02 
  3.310069e+00  -5.455479e+02 
  3.364045e+00  -5.408055e+02 
  3.418902e+00  -5.487606e+02 
  3.474653e+00  -5.415226e+02 
  3.531314e+00  -5.449653e+02 
  3.588898e+00  -5.407808e+02 
  3.647421e+00  -5.449820e+02 
  3.706899e+00  -5.443322e+02 
  3.767347e+00  -5.458170e+02 
  3.828780e+00  -5.443323e+02 
  3.891215e+00  -5.435160e+02 
  3.954668e+00  -5.472001e+02 
  4.019156e+00  -5.587243e+02 
  4.084696e+00  -5.606964e+02 
  4.151304e+00  -5.606209e+02 
  4.218998e+00  -5.605049e+02 
  4.287796e+00  -5.370956e+02 
  4.357717e+00  -5.646177e+02 
  4.428777e+00  -5.994736e+02 
  4.500996e+00  -6.409910e+02 
  4.574393e+00  -6.607681e+02 
  4.648987e+00  -6.787030e+02 
  4.724797e+00  -6.988015e+02 
  4.801843e+00  -7.071347e+02 
  4.880146e+00  -7.082313e+02 
  4.959725e+00  -7.130107e+02 
  5.040602e+00  -7.124922e+02 
  5.122798e+00  -7.139846e+02 
  5.206335e+00  -7.179285e+02 
  5.291233e+00  -7.184561e+02 
  5.377516e+00  -7.190969e+02 
  5.465206e+00  -7.192305e+02 
  5.554326e+00  -7.198155e+02 
  5.644899e+00  -7.190750e+02 
  5.736949e+00  -7.191420e+02 
  5.830501e+00  -7.202485e+02 
  5.925577e+00  -7.227553e+02 
  6.022204e+00  -7.230582e+02 
  6.120407e+00  -7.240605e+02 
  6.220211e+00  -7.241194e+02 
  6.321643e+00  -7.237032e+02 
  6.424728e+00  -7.255891e+02 
  6.529495e+00  -7.255381e+02 
  6.635970e+00  -7.253071e+02 
  6.744182e+00  -7.257199e+02 
  6.854157e+00  -7.269702e+02 
  6.965927e+00  -7.285635e+02 
  7.079518e+00  -7.307300e+02 
  7.194963e+00  -7.315640e+02 
  7.312289e+00  -7.323414e+02 
  7.431530e+00  -7.334965e+02 
  7.552714e+00  -7.367231e+02 
  7.675874e+00  -7.370326e+02 
  7.801043e+00  -7.422709e+02 
  7.928253e+00  -7.454642e+02 
  8.057537e+00  -7.474964e+02 
  8.188930e+00  -7.584330e+02 
  8.322465e+00  -7.706393e+02 
  8.458178e+00  -7.841085e+02 
  8.596103e+00  -7.965348e+02 
  8.736278e+00  -8.224890e+02 
  8.878738e+00  -8.336449e+02 
  9.023522e+00  -8.444191e+02 
  9.170667e+00  -8.547023e+02 
  9.320210e+00  -8.610687e+02 
  9.472194e+00  -8.663360e+02 
  9.626655e+00  -8.695936e+02 
  9.783634e+00  -8.710699e+02 
  9.943173e+00  -8.768458e+02 
  1.010532e+01  -8.762557e+02 
  1.027010e+01  -8.777621e+02 
  1.043757e+01  -8.799054e+02 
  1.060778e+01  -8.823403e+02 
  1.078075e+01  -8.823452e+02 
  1.095655e+01  -8.831227e+02 
  1.113522e+01  -8.842213e+02 
  1.131680e+01  -8.851554e+02 
  1.150134e+01  -8.853525e+02 
  1.168889e+01  -8.841311e+02 
  1.187950e+01  -8.854292e+02 
  1.207321e+01  -8.867341e+02 
  1.227009e+01  -8.865699e+02 
  1.247018e+01  -8.865560e+02 
  1.267352e+01  -8.882739e+02 
  1.288019e+01  -8.863530e+02 
  1.309022e+01  -8.868924e+02 
  1.330368e+01  -8.906934e+02 
  1.352062e+01  -8.862245e+02 
  1.374110e+01  -8.854484e+02 
  1.396517e+01  -8.906818e+02 
  1.419290e+01  -8.912574e+02 
  1.442434e+01  -8.885045e+02 
  1.465956e+01  -8.902128e+02 
  1.489861e+01  -8.866996e+02 
  1.514155e+01  -8.892578e+02 
  1.538846e+01  -8.892894e+02 
  1.563940e+01  -8.899737e+02 
  1.589443e+01  -8.907986e+02 
  1.615362e+01  -8.898283e+02 
  1.641703e+01  -8.915183e+02 
  1.668474e+01  -8.901609e+02 
  1.695681e+01  -8.856749e+02 
  1.723332e+01  -8.930986e+02 
  1.751434e+01  -8.903182e+02 
  1.779995e+01  -8.888040e+02 
  1.809021e+01  -8.883062e+02 
  1.838520e+01  -8.924016e+02 
  1.868500e+01  -8.926273e+02 
  1.898969e+01  -8.933145e+02 
  1.929936e+01  -8.884697e+02 
  1.961407e+01  -8.885219e+02 
  1.993391e+01  -8.906667e+02 
  2.025897e+01  -8.899583e+02 
  2.058932e+01  -8.925729e+02 
  2.092507e+01  -8.933604e+02 
  2.126629e+01  -8.884426e+02 
  2.161308e+01  -8.917355e+02 
  2.196552e+01  -8.857177e+02 
  2.232370e+01  -8.826558e+02 
  2.268773e+01  -8.930331e+02 
  2.305770e+01  -8.910947e+02 
  2.343369e+01  -8.891227e+02 
  2.381582e+01  -8.892131e+02 
  2.420418e+01  -8.882830e+02 
  2.459887e+01  -8.898313e+02 
  2.500000e+01  -8.933018e+02 
