Input File: f:\srs011.78d
Measure Group: Swept Sine
Measurement: Freq. Resp.
Num of extracted Points: 200
Start Freq.: 25 Hz
Stop  Freq.: 1 Hz
Sweep Type: Log
Auto Level: Channel 2
Ideal Ref.:  10.0 mV
Ref. Upper Limit:   3.0 dB
Ref. Lower Limit:  -3.0 dB
Max Source:  10.0 mV
Source Ramping: Off
Source Offset:   0.0 mV
Settle Time:   7.8125 ms
Settle Cycles:    5
Integration Time:   15.625 ms
Integration Cycles:   40

    X[Hz]         Mag[dB]     
  1.000000e+00  -1.712161e+01 
  1.016307e+00  -1.676886e+01 
  1.032879e+00  -1.743503e+01 
  1.049722e+00  -1.729968e+01 
  1.066840e+00  -1.698694e+01 
  1.084237e+00  -1.704248e+01 
  1.101917e+00  -1.742367e+01 
  1.119886e+00  -1.675345e+01 
  1.138148e+00  -1.867985e+01 
  1.156707e+00  -1.634132e+01 
  1.175569e+00  -1.836620e+01 
  1.194739e+00  -1.735319e+01 
  1.214221e+00  -1.720338e+01 
  1.234021e+00  -1.651422e+01 
  1.254144e+00  -1.734522e+01 
  1.274595e+00  -1.718411e+01 
  1.295380e+00  -1.771245e+01 
  1.316504e+00  -1.761043e+01 
  1.337971e+00  -1.754656e+01 
  1.359789e+00  -1.712122e+01 
  1.381963e+00  -1.712798e+01 
  1.404499e+00  -1.696128e+01 
  1.427401e+00  -1.746279e+01 
  1.450678e+00  -1.712178e+01 
  1.474334e+00  -1.746881e+01 
  1.498375e+00  -1.724337e+01 
  1.522809e+00  -1.698452e+01 
  1.547641e+00  -1.714697e+01 
  1.572878e+00  -1.710812e+01 
  1.598527e+00  -1.716450e+01 
  1.624593e+00  -1.695710e+01 
  1.651085e+00  -1.720330e+01 
  1.678009e+00  -1.662937e+01 
  1.705372e+00  -1.669361e+01 
  1.733181e+00  -1.627851e+01 
  1.761444e+00  -1.628233e+01 
  1.790167e+00  -1.595022e+01 
  1.819359e+00  -1.611717e+01 
  1.849027e+00  -1.548751e+01 
  1.879179e+00  -1.541671e+01 
  1.909822e+00  -1.517408e+01 
  1.940965e+00  -1.514766e+01 
  1.972616e+00  -1.454139e+01 
  2.004783e+00  -1.378212e+01 
  2.037475e+00  -1.337620e+01 
  2.070699e+00  -1.215603e+01 
  2.104466e+00  -1.180184e+01 
  2.138783e+00  -1.086937e+01 
  2.173660e+00  -9.981755e+00 
  2.209105e+00  -8.887672e+00 
  2.245129e+00  -7.197124e+00 
  2.281739e+00  -4.958132e+00 
  2.318947e+00  -2.098453e+00 
  2.356762e+00   1.388443e+00 
  2.395193e+00   6.863950e+00 
  2.434251e+00   2.334928e+01 
  2.473946e+00   1.259162e+01 
  2.514288e+00   9.143834e+00 
  2.555288e+00   8.824080e+00 
  2.596956e+00   1.966485e+01 
  2.639304e+00   9.414299e-01 
  2.682343e+00  -1.089452e+01 
  2.726083e+00  -2.221730e+01 
  2.770537e+00  -2.839586e+01 
  2.815715e+00  -2.043092e+01 
  2.861631e+00  -2.011996e+01 
  2.908295e+00  -1.838176e+01 
  2.955719e+00  -1.673056e+01 
  3.003918e+00  -1.599110e+01 
  3.052902e+00  -1.482961e+01 
  3.102685e+00  -1.414942e+01 
  3.153280e+00  -1.348680e+01 
  3.204700e+00  -1.263490e+01 
  3.256958e+00  -1.210086e+01 
  3.310069e+00  -1.115751e+01 
  3.364045e+00  -1.046413e+01 
  3.418902e+00  -9.577836e+00 
  3.474653e+00  -8.744641e+00 
  3.531314e+00  -7.694653e+00 
  3.588898e+00  -7.016858e+00 
  3.647421e+00  -5.849030e+00 
  3.706899e+00  -4.601439e+00 
  3.767347e+00  -3.608078e+00 
  3.828780e+00  -2.242860e+00 
  3.891215e+00  -9.097134e-01 
  3.954668e+00   7.482880e-01 
  4.019156e+00   2.210740e+00 
  4.084696e+00   4.231603e+00 
  4.151304e+00   6.344003e+00 
  4.218998e+00   9.453554e+00 
  4.287796e+00   1.277228e+01 
  4.357717e+00   1.502431e+01 
  4.428777e+00   1.315574e+01 
  4.500996e+00   9.156150e+00 
  4.574393e+00   5.616283e+00 
  4.648987e+00   8.727993e+00 
  4.724797e+00   8.492545e+00 
  4.801843e+00   7.082215e+00 
  4.880146e+00   5.958808e+00 
  4.959725e+00   5.200536e+00 
  5.040602e+00   4.628641e+00 
  5.122798e+00   3.651694e+00 
  5.206335e+00   3.046219e+00 
  5.291233e+00   2.538354e+00 
  5.377516e+00   2.243207e+00 
  5.465206e+00   1.771750e+00 
  5.554326e+00   1.545211e+00 
  5.644899e+00   1.288774e+00 
  5.736949e+00   1.188577e+00 
  5.830501e+00   9.883553e-01 
  5.925577e+00   8.855121e-01 
  6.022204e+00   8.852400e-01 
  6.120407e+00   7.789312e-01 
  6.220211e+00   7.567785e-01 
  6.321643e+00   7.844899e-01 
  6.424728e+00   9.121220e-01 
  6.529495e+00   8.142300e-01 
  6.635970e+00   1.072096e+00 
  6.744182e+00   1.276878e+00 
  6.854157e+00   1.449330e+00 
  6.965927e+00   1.762375e+00 
  7.079518e+00   2.036801e+00 
  7.194963e+00   2.436992e+00 
  7.312289e+00   2.871005e+00 
  7.431530e+00   3.242448e+00 
  7.552714e+00   3.635310e+00 
  7.675874e+00   4.185400e+00 
  7.801043e+00   5.079360e+00 
  7.928253e+00   5.773210e+00 
  8.057537e+00   6.440756e+00 
  8.188930e+00   7.578876e+00 
  8.322465e+00   7.995051e+00 
  8.458178e+00   9.861550e+00 
  8.596103e+00   1.118733e+01 
  8.736278e+00   1.221871e+01 
  8.878738e+00   1.173396e+01 
  9.023522e+00   1.127466e+01 
  9.170667e+00   1.039035e+01 
  9.320210e+00   8.561625e+00 
  9.472194e+00   7.030440e+00 
  9.626655e+00   5.567633e+00 
  9.783634e+00   4.071503e+00 
  9.943173e+00   3.112513e+00 
  1.010532e+01   1.788683e+00 
  1.027010e+01   7.057106e-01 
  1.043757e+01  -4.028080e-01 
  1.060778e+01  -1.424593e+00 
  1.078075e+01  -2.397719e+00 
  1.095655e+01  -2.875428e+00 
  1.113522e+01  -3.938275e+00 
  1.131680e+01  -4.691883e+00 
  1.150134e+01  -5.335952e+00 
  1.168889e+01  -5.866525e+00 
  1.187950e+01  -6.676559e+00 
  1.207321e+01  -7.455003e+00 
  1.227009e+01  -8.030158e+00 
  1.247018e+01  -8.454939e+00 
  1.267352e+01  -9.178680e+00 
  1.288019e+01  -9.666141e+00 
  1.309022e+01  -1.030935e+01 
  1.330368e+01  -1.078491e+01 
  1.352062e+01  -1.131321e+01 
  1.374110e+01  -1.204735e+01 
  1.396517e+01  -1.212937e+01 
  1.419290e+01  -1.294868e+01 
  1.442434e+01  -1.311758e+01 
  1.465956e+01  -1.343742e+01 
  1.489861e+01  -1.406286e+01 
  1.514155e+01  -1.440688e+01 
  1.538846e+01  -1.497802e+01 
  1.563940e+01  -1.547988e+01 
  1.589443e+01  -1.596630e+01 
  1.615362e+01  -1.599466e+01 
  1.641703e+01  -1.687336e+01 
  1.668474e+01  -1.685967e+01 
  1.695681e+01  -1.689316e+01 
  1.723332e+01  -1.764381e+01 
  1.751434e+01  -1.809474e+01 
  1.779995e+01  -1.856487e+01 
  1.809021e+01  -1.873233e+01 
  1.838520e+01  -1.916697e+01 
  1.868500e+01  -1.937710e+01 
  1.898969e+01  -2.005684e+01 
  1.929936e+01  -2.017252e+01 
  1.961407e+01  -2.137397e+01 
  1.993391e+01  -2.089191e+01 
  2.025897e+01  -2.129126e+01 
  2.058932e+01  -2.151296e+01 
  2.092507e+01  -2.192228e+01 
  2.126629e+01  -2.312103e+01 
  2.161308e+01  -2.257731e+01 
  2.196552e+01  -2.264948e+01 
  2.232370e+01  -2.313275e+01 
  2.268773e+01  -2.324267e+01 
  2.305770e+01  -2.380256e+01 
  2.343369e+01  -2.404914e+01 
  2.381582e+01  -2.459289e+01 
  2.420418e+01  -2.514547e+01 
  2.459887e+01  -2.471742e+01 
  2.500000e+01  -2.569383e+01 
