Input File: f:\srs006.78d
Measure Group: Swept Sine
Measurement: Freq. Resp.
Num of extracted Points: 200
Start Freq.: 25 Hz
Stop  Freq.: 1 Hz
Sweep Type: Log
Auto Level: Channel 2
Ideal Ref.:  10.0 mV
Ref. Upper Limit:   3.0 dB
Ref. Lower Limit:  -3.0 dB
Max Source:  10.0 mV
Source Ramping: Off
Source Offset:   0.0 mV
Settle Time:   7.8125 ms
Settle Cycles:    1
Integration Time:   15.625 ms
Integration Cycles:   40

    X[Hz]         UP[deg]     
  1.000000e+00  -1.098655e+00 
  1.016307e+00  -4.175244e+00 
  1.032879e+00   2.877718e-01 
  1.049722e+00   1.230669e+00 
  1.066840e+00  -3.279979e+00 
  1.084237e+00  -3.753345e+00 
  1.101917e+00  -1.527324e+00 
  1.119886e+00   2.009000e+00 
  1.138148e+00  -3.266223e+00 
  1.156707e+00  -5.706295e+00 
  1.175569e+00  -2.692047e+00 
  1.194739e+00  -2.669557e+00 
  1.214221e+00  -1.201695e+00 
  1.234021e+00   6.909000e-01 
  1.254144e+00   4.082133e-01 
  1.274595e+00  -1.353987e+00 
  1.295380e+00  -2.507617e+00 
  1.316504e+00  -2.994684e+00 
  1.337971e+00  -3.660711e+00 
  1.359789e+00  -1.858969e+00 
  1.381963e+00   1.610916e+00 
  1.404499e+00   1.974393e+00 
  1.427401e+00  -2.653878e+00 
  1.450678e+00  -6.803633e-01 
  1.474334e+00  -3.085178e+00 
  1.498375e+00  -3.968937e+00 
  1.522809e+00  -1.750641e+00 
  1.547641e+00  -2.944787e+00 
  1.572878e+00  -2.952389e-01 
  1.598527e+00   5.473168e-02 
  1.624593e+00  -5.205675e+00 
  1.651085e+00  -5.665007e+00 
  1.678009e+00  -3.169497e+00 
  1.705372e+00  -1.452911e+00 
  1.733181e+00  -3.921268e+00 
  1.761444e+00  -3.548461e+00 
  1.790167e+00   7.379734e-01 
  1.819359e+00  -4.724569e+00 
  1.849027e+00  -3.632742e+00 
  1.879179e+00  -3.216083e+00 
  1.909822e+00  -2.662079e+00 
  1.940965e+00  -2.745266e+00 
  1.972616e+00  -3.526845e+00 
  2.004783e+00  -4.286272e+00 
  2.037475e+00  -3.478220e+00 
  2.070699e+00  -3.784050e+00 
  2.104466e+00  -2.455831e+00 
  2.138783e+00  -3.708627e+00 
  2.173660e+00  -1.835422e+00 
  2.209105e+00  -5.332004e+00 
  2.245129e+00  -4.691882e+00 
  2.281739e+00  -2.568192e+00 
  2.318947e+00  -1.562572e+00 
  2.356762e+00  -1.556803e+01 
  2.395193e+00  -3.855828e+01 
  2.434251e+00  -1.349575e+02 
  2.473946e+00  -1.701551e+02 
  2.514288e+00  -1.780283e+02 
  2.555288e+00  -1.131640e+02 
  2.596956e+00  -1.606256e+02 
  2.639304e+00  -1.781694e+02 
  2.682343e+00  -1.803181e+02 
  2.726083e+00  -1.819194e+02 
  2.770537e+00  -1.840913e+02 
  2.815715e+00  -1.828303e+02 
  2.861631e+00  -1.826836e+02 
  2.908295e+00  -1.844639e+02 
  2.955719e+00  -1.834383e+02 
  3.003918e+00  -1.840970e+02 
  3.052902e+00  -1.824216e+02 
  3.102685e+00  -1.836120e+02 
  3.153280e+00  -1.844668e+02 
  3.204700e+00  -1.861538e+02 
  3.256958e+00  -1.849125e+02 
  3.310069e+00  -1.866304e+02 
  3.364045e+00  -1.858500e+02 
  3.418902e+00  -1.860874e+02 
  3.474653e+00  -1.865453e+02 
  3.531314e+00  -1.875587e+02 
  3.588898e+00  -1.877547e+02 
  3.647421e+00  -1.878933e+02 
  3.706899e+00  -1.891503e+02 
  3.767347e+00  -1.899690e+02 
  3.828780e+00  -1.918335e+02 
  3.891215e+00  -1.943326e+02 
  3.954668e+00  -1.981013e+02 
  4.019156e+00  -2.013756e+02 
  4.084696e+00  -2.095746e+02 
  4.151304e+00  -2.256460e+02 
  4.218998e+00  -2.606969e+02 
  4.287796e+00  -3.093153e+02 
  4.357717e+00  -3.465103e+02 
  4.428777e+00  -3.778324e+02 
  4.500996e+00  -4.015424e+02 
  4.574393e+00  -4.134077e+02 
  4.648987e+00  -3.893077e+02 
  4.724797e+00  -3.731412e+02 
  4.801843e+00  -3.650566e+02 
  4.880146e+00  -3.639961e+02 
  4.959725e+00  -3.618559e+02 
  5.040602e+00  -3.614785e+02 
  5.122798e+00  -3.609047e+02 
  5.206335e+00  -3.613881e+02 
  5.291233e+00  -3.614029e+02 
  5.377516e+00  -3.620026e+02 
  5.465206e+00  -3.622778e+02 
  5.554326e+00  -3.621507e+02 
  5.644899e+00  -3.619927e+02 
  5.736949e+00  -3.626574e+02 
  5.830501e+00  -3.640562e+02 
  5.925577e+00  -3.641345e+02 
  6.022204e+00  -3.640939e+02 
  6.120407e+00  -3.642031e+02 
  6.220211e+00  -3.655013e+02 
  6.321643e+00  -3.670111e+02 
  6.424728e+00  -3.675135e+02 
  6.529495e+00  -3.676899e+02 
  6.635970e+00  -3.691295e+02 
  6.744182e+00  -3.696199e+02 
  6.854157e+00  -3.708608e+02 
  6.965927e+00  -3.733411e+02 
  7.079518e+00  -3.736902e+02 
  7.194963e+00  -3.741905e+02 
  7.312289e+00  -3.760751e+02 
  7.431530e+00  -3.797986e+02 
  7.552714e+00  -3.825163e+02 
  7.675874e+00  -3.858165e+02 
  7.801043e+00  -3.906303e+02 
  7.928253e+00  -3.958223e+02 
  8.057537e+00  -4.071161e+02 
  8.188930e+00  -4.171660e+02 
  8.322465e+00  -4.336938e+02 
  8.458178e+00  -4.495160e+02 
  8.596103e+00  -4.660657e+02 
  8.736278e+00  -4.770117e+02 
  8.878738e+00  -4.868889e+02 
  9.023522e+00  -4.952017e+02 
  9.170667e+00  -5.018087e+02 
  9.320210e+00  -5.065401e+02 
  9.472194e+00  -5.103443e+02 
  9.626655e+00  -5.117338e+02 
  9.783634e+00  -5.143481e+02 
  9.943173e+00  -5.174243e+02 
  1.010532e+01  -5.181978e+02 
  1.027010e+01  -5.190241e+02 
  1.043757e+01  -5.207495e+02 
  1.060778e+01  -5.210593e+02 
  1.078075e+01  -5.228065e+02 
  1.095655e+01  -5.243488e+02 
  1.113522e+01  -5.246769e+02 
  1.131680e+01  -5.246081e+02 
  1.150134e+01  -5.250691e+02 
  1.168889e+01  -5.260740e+02 
  1.187950e+01  -5.263155e+02 
  1.207321e+01  -5.274169e+02 
  1.227009e+01  -5.280123e+02 
  1.247018e+01  -5.278736e+02 
  1.267352e+01  -5.278454e+02 
  1.288019e+01  -5.282237e+02 
  1.309022e+01  -5.278438e+02 
  1.330368e+01  -5.293967e+02 
  1.352062e+01  -5.284880e+02 
  1.374110e+01  -5.292498e+02 
  1.396517e+01  -5.283877e+02 
  1.419290e+01  -5.298932e+02 
  1.442434e+01  -5.288846e+02 
  1.465956e+01  -5.299017e+02 
  1.489861e+01  -5.294163e+02 
  1.514155e+01  -5.295272e+02 
  1.538846e+01  -5.294184e+02 
  1.563940e+01  -5.289048e+02 
  1.589443e+01  -5.312808e+02 
  1.615362e+01  -5.317542e+02 
  1.641703e+01  -5.292332e+02 
  1.668474e+01  -5.298179e+02 
  1.695681e+01  -5.299741e+02 
  1.723332e+01  -5.322042e+02 
  1.751434e+01  -5.293599e+02 
  1.779995e+01  -5.305897e+02 
  1.809021e+01  -5.282824e+02 
  1.838520e+01  -5.313469e+02 
  1.868500e+01  -5.319457e+02 
  1.898969e+01  -5.297397e+02 
  1.929936e+01  -5.317125e+02 
  1.961407e+01  -5.304445e+02 
  1.993391e+01  -5.348341e+02 
  2.025897e+01  -5.310787e+02 
  2.058932e+01  -5.290934e+02 
  2.092507e+01  -5.336489e+02 
  2.126629e+01  -5.308148e+02 
  2.161308e+01  -5.311239e+02 
  2.196552e+01  -5.320962e+02 
  2.232370e+01  -5.321692e+02 
  2.268773e+01  -5.304274e+02 
  2.305770e+01  -5.310215e+02 
  2.343369e+01  -5.301926e+02 
  2.381582e+01  -5.304971e+02 
  2.420418e+01  -5.328553e+02 
  2.459887e+01  -5.252173e+02 
  2.500000e+01  -5.357926e+02 
