  1.000000e+00  -1.252636e+01 
  1.016307e+00  -1.242892e+01 
  1.032879e+00  -1.237307e+01 
  1.049722e+00  -1.227242e+01 
  1.066840e+00  -1.232905e+01 
  1.084237e+00  -1.218345e+01 
  1.101917e+00  -1.218436e+01 
  1.119886e+00  -1.213038e+01 
  1.138148e+00  -1.211633e+01 
  1.156707e+00  -1.254498e+01 
  1.175569e+00  -1.212020e+01 
  1.194739e+00  -1.176854e+01 
  1.214221e+00  -1.173103e+01 
  1.234021e+00  -1.154467e+01 
  1.254144e+00  -1.142704e+01 
  1.274595e+00  -1.141368e+01 
  1.295380e+00  -1.125347e+01 
  1.316504e+00  -1.112483e+01 
  1.337971e+00  -1.102779e+01 
  1.359789e+00  -1.092372e+01 
  1.381963e+00  -1.077698e+01 
  1.404499e+00  -1.059805e+01 
  1.427401e+00  -1.048620e+01 
  1.450678e+00  -1.026783e+01 
  1.474334e+00  -1.014229e+01 
  1.498375e+00  -9.898834e+00 
  1.522809e+00  -1.012138e+01 
  1.547641e+00  -1.003405e+01 
  1.572878e+00  -9.735255e+00 
  1.598527e+00  -9.657818e+00 
  1.624593e+00  -9.411269e+00 
  1.651085e+00  -9.229660e+00 
  1.678009e+00  -9.180909e+00 
  1.705372e+00  -8.857710e+00 
  1.733181e+00  -8.636421e+00 
  1.761444e+00  -8.402085e+00 
  1.790167e+00  -8.260277e+00 
  1.819359e+00  -7.959671e+00 
  1.849027e+00  -7.667512e+00 
  1.879179e+00  -7.465895e+00 
  1.909822e+00  -7.046984e+00 
  1.940965e+00  -6.802818e+00 
  1.972616e+00  -6.802116e+00 
  2.004783e+00  -6.423716e+00 
  2.037475e+00  -5.997580e+00 
  2.070699e+00  -5.628717e+00 
  2.104466e+00  -5.250296e+00 
  2.138783e+00  -4.663809e+00 
  2.173660e+00  -3.958196e+00 
  2.209105e+00  -3.337350e+00 
  2.245129e+00  -3.111488e+00 
  2.281739e+00  -2.067212e+00 
  2.318947e+00  -2.468915e-01 
  2.356762e+00  -1.491515e-01 
  2.395193e+00   5.967473e-01 
  2.434251e+00   1.944983e+00 
  2.473946e+00   3.519263e+00 
  2.514288e+00   4.147171e+00 
  2.555288e+00   6.954976e-01 
  2.596956e+00  -1.304962e+00 
  2.639304e+00  -3.945503e+00 
  2.682343e+00  -1.173415e+01 
  2.726083e+00  -1.559960e+01 
  2.770537e+00  -1.564684e+01 
  2.815715e+00  -1.385891e+01 
  2.861631e+00  -1.300194e+01 
  2.908295e+00  -1.198846e+01 
  2.955719e+00  -1.077233e+01 
  3.003918e+00  -9.262012e+00 
  3.052902e+00  -8.653566e+00 
  3.102685e+00  -7.240736e+00 
  3.153280e+00  -5.967566e+00 
  3.204700e+00  -5.906147e+00 
  3.256958e+00  -4.970390e+00 
  3.310069e+00  -4.085141e+00 
  3.364045e+00  -3.448700e+00 
  3.418902e+00  -2.596885e+00 
  3.474653e+00  -1.829689e+00 
  3.531314e+00  -1.920439e+00 
  3.588898e+00  -9.546866e-01 
  3.647421e+00  -3.317364e-01 
  3.706899e+00   5.938148e-01 
  3.767347e+00   8.074327e-01 
  3.828780e+00   1.367135e+00 
  3.891215e+00   2.346142e+00 
  3.954668e+00   3.352936e+00 
  4.019156e+00   4.861459e+00 
  4.084696e+00   4.771225e+00 
  4.151304e+00   5.954645e+00 
  4.218998e+00   7.157007e+00 
  4.287796e+00   8.880893e+00 
  4.357717e+00   9.582994e+00 
  4.428777e+00   1.122624e+01 
  4.500996e+00   1.214425e+01 
  4.574393e+00   1.537100e+01 
  4.648987e+00   1.766794e+01 
  4.724797e+00   1.917531e+01 
  4.801843e+00   1.943652e+01 
  4.880146e+00   1.741444e+01 
  4.959725e+00   1.573468e+01 
  5.040602e+00   1.322410e+01 
  5.122798e+00   1.200315e+01 
  5.206335e+00   1.041396e+01 
  5.291233e+00   9.036963e+00 
  5.377516e+00   8.003664e+00 
  5.465206e+00   7.209140e+00 
  5.554326e+00   6.248841e+00 
  5.644899e+00   5.382612e+00 
  5.736949e+00   4.659986e+00 
  5.830501e+00   4.061006e+00 
  5.925577e+00   3.308715e+00 
  6.022204e+00   2.645155e+00 
  6.120407e+00   1.854911e+00 
  6.220211e+00   1.246469e+00 
  6.321643e+00   6.461388e-01 
  6.424728e+00  -2.451389e-02 
  6.529495e+00  -6.975526e-01 
  6.635970e+00  -1.247941e+00 
  6.744182e+00  -1.959874e+00 
  6.854157e+00  -2.764427e+00 
  6.965927e+00  -3.597307e+00 
  7.079518e+00  -4.354562e+00 
  7.194963e+00  -5.290743e+00 
  7.312289e+00  -5.977881e+00 
  7.431530e+00  -6.110925e+00 
  7.552714e+00  -5.653059e+00 
  7.675874e+00  -6.535188e+00 
  7.801043e+00  -5.843782e+00 
  7.928253e+00  -4.286891e+00 
  8.057537e+00  -5.938482e+00 
  8.188930e+00  -4.275216e+00 
  8.322465e+00  -1.422900e+00 
  8.458178e+00   5.801847e-01 
  8.596103e+00   2.861271e+00 
  8.736278e+00   2.929307e+00 
  8.878738e+00   6.011718e+00 
  9.023522e+00   7.792108e+00 
  9.170667e+00   9.181061e+00 
  9.320210e+00   1.017358e+01 
  9.472194e+00   1.100251e+01 
  9.626655e+00   1.073967e+01 
  9.783634e+00   1.027929e+01 
  9.943173e+00   1.000551e+01 
  1.010532e+01   9.257253e+00 
  1.027010e+01   8.628974e+00 
  1.043757e+01   7.996043e+00 
  1.060778e+01   7.263752e+00 
  1.078075e+01   6.859913e+00 
  1.095655e+01   6.378577e+00 
  1.113522e+01   6.163663e+00 
  1.131680e+01   5.840168e+00 
  1.150134e+01   5.376997e+00 
  1.168889e+01   5.060159e+00 
  1.187950e+01   4.815074e+00 
  1.207321e+01   4.514658e+00 
  1.227009e+01   4.530027e+00 
  1.247018e+01   3.981177e+00 
  1.267352e+01   3.930053e+00 
  1.288019e+01   3.740607e+00 
  1.309022e+01   3.557247e+00 
  1.330368e+01   3.413812e+00 
  1.352062e+01   3.319812e+00 
  1.374110e+01   3.135572e+00 
  1.396517e+01   2.917806e+00 
  1.419290e+01   2.839355e+00 
  1.442434e+01   2.774835e+00 
  1.465956e+01   2.652821e+00 
  1.489861e+01   2.506325e+00 
  1.514155e+01   2.401655e+00 
  1.538846e+01   2.321286e+00 
  1.563940e+01   2.241556e+00 
  1.589443e+01   2.108046e+00 
  1.615362e+01   2.053771e+00 
  1.641703e+01   1.999253e+00 
  1.668474e+01   1.879222e+00 
  1.695681e+01   1.831275e+00 
  1.723332e+01   1.714894e+00 
  1.751434e+01   1.720418e+00 
  1.779995e+01   1.623998e+00 
  1.809021e+01   1.602466e+00 
  1.838520e+01   1.533017e+00 
  1.868500e+01   1.482498e+00 
  1.898969e+01   1.393277e+00 
  1.929936e+01   1.342224e+00 
  1.961407e+01   1.317724e+00 
  1.993391e+01   1.282863e+00 
  2.025897e+01   1.228702e+00 
  2.058932e+01   1.158461e+00 
  2.092507e+01   1.135970e+00 
  2.126629e+01   1.085179e+00 
  2.161308e+01   1.061265e+00 
  2.196552e+01   1.076533e+00 
  2.232370e+01   9.612117e-01 
  2.268773e+01   9.064839e-01 
  2.305770e+01   8.823378e-01 
  2.343369e+01   8.799381e-01 
  2.381582e+01   8.417976e-01 
  2.420418e+01   8.867528e-01 
  2.459887e+01   8.350857e-01 
  2.500000e+01   7.874429e-01 
