1.000000e+00 2.364177e-01 7.266090e-04
1.016307e+00 2.390857e-01 -3.319603e-04
1.032879e+00 2.406269e-01 -7.988115e-04
1.049722e+00 2.434327e-01 -2.101336e-04
1.066840e+00 2.418148e-01 -4.170794e-03
1.084237e+00 2.459346e-01 -1.484061e-03
1.101917e+00 2.459095e-01 -1.372757e-03
1.119886e+00 2.474075e-01 -4.380589e-03
1.138148e+00 2.478032e-01 -4.651801e-03
1.156707e+00 2.357801e-01 7.903515e-03
1.175569e+00 2.475181e-01 -1.039943e-02
1.194739e+00 2.579658e-01 -1.819291e-03
1.214221e+00 2.590089e-01 -6.431105e-03
1.234021e+00 2.646529e-01 -5.385505e-03
1.254144e+00 2.682902e-01 -3.782836e-03
1.274595e+00 2.686421e-01 -6.868152e-03
1.295380e+00 2.737317e-01 -7.023007e-04
1.316504e+00 2.777507e-01 -6.061661e-03
1.337971e+00 2.808767e-01 -5.868938e-03
1.359789e+00 2.842309e-01 -7.286167e-03
1.381963e+00 2.890633e-01 -7.799165e-03
1.404499e+00 2.950428e-01 -9.231666e-03
1.427401e+00 2.988462e-01 -9.985906e-03
1.450678e+00 3.064729e-01 -9.677651e-03
1.474334e+00 3.109224e-01 -1.019752e-02
1.498375e+00 3.197592e-01 -1.052698e-02
1.522809e+00 3.116575e-01 -1.064872e-02
1.547641e+00 3.148393e-01 -9.760301e-03
1.572878e+00 3.257288e-01 -1.365186e-02
1.598527e+00 3.286228e-01 -1.430991e-02
1.624593e+00 3.379920e-01 -1.670976e-02
1.651085e+00 3.451959e-01 -1.574560e-02
1.678009e+00 3.471776e-01 -1.495969e-02
1.705372e+00 3.601614e-01 -1.921668e-02
1.733181e+00 3.694506e-01 -1.979588e-02
1.761444e+00 3.795005e-01 -2.130727e-02
1.790167e+00 3.857993e-01 -2.070829e-02
1.819359e+00 3.990952e-01 -2.628502e-02
1.849027e+00 4.127737e-01 -2.678382e-02
1.879179e+00 4.226102e-01 -2.511064e-02
1.909822e+00 4.434579e-01 -2.691459e-02
1.940965e+00 4.560173e-01 -2.902241e-02
1.972616e+00 4.558020e-01 -3.274683e-02
2.004783e+00 4.763706e-01 -3.017043e-02
2.037475e+00 4.992547e-01 -4.553472e-02
2.070699e+00 5.215756e-01 -3.958035e-02
2.104466e+00 5.446043e-01 -4.386394e-02
2.138783e+00 5.828676e-01 -4.410250e-02
2.173660e+00 6.310726e-01 -6.086928e-02
2.209105e+00 6.766802e-01 -7.637881e-02
2.245129e+00 6.950115e-01 -7.378366e-02
2.281739e+00 7.810485e-01 -1.059765e-01
2.318947e+00 9.475309e-01 -2.166150e-01
2.356762e+00 9.571292e-01 -2.239271e-01
2.395193e+00 1.008225e+00 -3.616304e-01
2.434251e+00 1.119241e+00 -5.587865e-01
2.473946e+00 1.160844e+00 -9.492701e-01
2.514288e+00 6.419776e-01 -1.478625e+00
2.555288e+00 1.653329e-01 -1.070675e+00
2.596956e+00 6.241723e-02 -8.582353e-01
2.639304e+00 -2.560135e-01 -5.810261e-01
2.682343e+00 -1.157534e-01 -2.316892e-01
2.726083e+00 -1.278573e-03 -1.659614e-01
2.770537e+00 8.829965e-02 -1.394633e-01
2.815715e+00 1.590714e-01 -1.257839e-01
2.861631e+00 1.616354e-01 -1.548236e-01
2.908295e+00 2.055994e-01 -1.448879e-01
2.955719e+00 2.732355e-01 -9.513340e-02
3.003918e+00 3.353404e-01 -7.790240e-02
3.052902e+00 3.623663e-01 -7.097155e-02
3.102685e+00 4.293179e-01 -6.673297e-02
3.153280e+00 4.982093e-01 -6.970698e-02
3.204700e+00 4.975992e-01 -9.524188e-02
3.256958e+00 5.547351e-01 -1.032477e-01
3.310069e+00 6.167974e-01 -9.969718e-02
3.364045e+00 6.651483e-01 -9.782081e-02
3.418902e+00 7.333463e-01 -1.101740e-01
3.474653e+00 7.914883e-01 -1.724488e-01
3.531314e+00 7.918154e-01 -1.251042e-01
3.588898e+00 8.769493e-01 -1.833562e-01
3.647421e+00 9.478581e-01 -1.674045e-01
3.706899e+00 1.057160e+00 -1.700936e-01
3.767347e+00 1.066822e+00 -2.573234e-01
3.828780e+00 1.135749e+00 -2.829360e-01
3.891215e+00 1.275037e+00 -3.011023e-01
3.954668e+00 1.424403e+00 -3.677734e-01
4.019156e+00 1.694964e+00 -4.359917e-01
4.084696e+00 1.660925e+00 -4.912592e-01
4.151304e+00 1.876056e+00 -6.481721e-01
4.218998e+00 2.135640e+00 -7.971316e-01
4.287796e+00 2.577031e+00 -1.042739e+00
4.357717e+00 2.781504e+00 -1.160906e+00
4.428777e+00 3.222402e+00 -1.696639e+00
4.500996e+00 3.486916e+00 -2.055629e+00
4.574393e+00 4.499312e+00 -3.768171e+00
4.648987e+00 4.272720e+00 -6.339964e+00
4.724797e+00 2.787580e+00 -8.656457e+00
4.801843e+00 -1.950264e+00 -9.166696e+00
4.880146e+00 -5.004415e+00 -5.485704e+00
4.959725e+00 -4.889869e+00 -3.679752e+00
5.040602e+00 -4.112710e+00 -2.023571e+00
5.122798e+00 -3.681619e+00 -1.518589e+00
5.206335e+00 -3.106851e+00 -1.160844e+00
5.291233e+00 -2.717482e+00 -7.914975e-01
5.377516e+00 -2.406786e+00 -7.226886e-01
5.465206e+00 -2.214084e+00 -5.974638e-01
5.554326e+00 -1.986701e+00 -5.185153e-01
5.644899e+00 -1.819958e+00 -3.758551e-01
5.736949e+00 -1.674088e+00 -3.486712e-01
5.830501e+00 -1.562436e+00 -3.259061e-01
5.925577e+00 -1.436134e+00 -2.824456e-01
6.022204e+00 -1.330975e+00 -2.592771e-01
6.120407e+00 -1.217384e+00 -2.253804e-01
6.220211e+00 -1.134250e+00 -2.142777e-01
6.321643e+00 -1.058731e+00 -1.987578e-01
6.424728e+00 -9.791267e-01 -1.888975e-01
6.529495e+00 -9.016826e-01 -1.964338e-01
6.635970e+00 -8.469008e-01 -1.816835e-01
6.744182e+00 -7.751936e-01 -1.894435e-01
6.854157e+00 -7.018900e-01 -1.909822e-01
6.965927e+00 -6.312524e-01 -1.957216e-01
7.079518e+00 -5.713822e-01 -2.010451e-01
7.194963e+00 -4.989180e-01 -2.164058e-01
7.312289e+00 -4.410160e-01 -2.407823e-01
7.431530e+00 -4.214542e-01 -2.592885e-01
7.552714e+00 -4.246926e-01 -3.028442e-01
7.675874e+00 -3.394190e-01 -3.268950e-01
7.801043e+00 -3.392800e-01 -3.811530e-01
7.928253e+00 -3.760039e-01 -4.809152e-01
8.057537e+00 8.819257e-02 -4.969850e-01
8.188930e+00 1.302962e-01 -5.972306e-01
8.322465e+00 3.709806e-01 -7.635441e-01
8.458178e+00 5.090793e-01 -9.400879e-01
8.596103e+00 6.240709e-01 -1.242203e+00
8.736278e+00 4.623630e-01 -1.322599e+00
8.878738e+00 6.267388e-01 -1.897110e+00
9.023522e+00 4.769193e-01 -2.405661e+00
9.170667e+00 4.877836e-02 -2.877336e+00
9.320210e+00 -6.899106e-01 -3.151476e+00
9.472194e+00 -1.552847e+00 -3.191426e+00
9.626655e+00 -2.213037e+00 -2.638040e+00
9.783634e+00 -2.492752e+00 -2.109598e+00
9.943173e+00 -2.718960e+00 -1.618627e+00
1.010532e+01 -2.648096e+00 -1.189791e+00
1.027010e+01 -2.512017e+00 -9.912728e-01
1.043757e+01 -2.381310e+00 -7.957310e-01
1.060778e+01 -2.220788e+00 -6.275198e-01
1.078075e+01 -2.143556e+00 -5.078925e-01
1.095655e+01 -2.040367e+00 -4.249469e-01
1.113522e+01 -2.000057e+00 -3.656937e-01
1.131680e+01 -1.931879e+00 -3.241350e-01
1.150134e+01 -1.834781e+00 -2.874536e-01
1.168889e+01 -1.769422e+00 -2.748318e-01
1.187950e+01 -1.723821e+00 -2.426784e-01
1.207321e+01 -1.665943e+00 -2.292307e-01
1.227009e+01 -1.675066e+00 -1.791371e-01
1.247018e+01 -1.571915e+00 -1.735078e-01
1.267352e+01 -1.563466e+00 -1.653092e-01
1.288019e+01 -1.532118e+00 -1.373498e-01
1.309022e+01 -1.500149e+00 -1.340853e-01
1.330368e+01 -1.475959e+00 -1.275801e-01
1.352062e+01 -1.461305e+00 -1.110150e-01
1.374110e+01 -1.430838e+00 -1.059781e-01
1.396517e+01 -1.395091e+00 -1.075938e-01
1.419290e+01 -1.382692e+00 -1.047272e-01
1.442434e+01 -1.373253e+00 -9.287982e-02
1.465956e+01 -1.353960e+00 -9.360242e-02
1.489861e+01 -1.332320e+00 -7.611654e-02
1.514155e+01 -1.316259e+00 -7.697839e-02
1.538846e+01 -1.304290e+00 -7.359705e-02
1.563940e+01 -1.292381e+00 -7.275991e-02
1.589443e+01 -1.273210e+00 -6.127247e-02
1.615362e+01 -1.265076e+00 -6.496705e-02
1.641703e+01 -1.257505e+00 -5.747023e-02
1.668474e+01 -1.240111e+00 -5.958197e-02
1.695681e+01 -1.233529e+00 -5.391312e-02
1.723332e+01 -1.217045e+00 -5.468463e-02
1.751434e+01 -1.218283e+00 -4.318207e-02
1.779995e+01 -1.204758e+00 -4.478921e-02
1.809021e+01 -1.201743e+00 -4.555505e-02
1.838520e+01 -1.192176e+00 -4.509031e-02
1.868500e+01 -1.185342e+00 -4.267939e-02
1.898969e+01 -1.173208e+00 -4.280634e-02
1.929936e+01 -1.166471e+00 -3.856946e-02
1.961407e+01 -1.163283e+00 -3.537285e-02
1.993391e+01 -1.158542e+00 -3.781744e-02
2.025897e+01 -1.151284e+00 -3.929037e-02
2.058932e+01 -1.142285e+00 -2.987588e-02
2.092507e+01 -1.139055e+00 -3.895862e-02
2.126629e+01 -1.132761e+00 -2.671081e-02
2.161308e+01 -1.129551e+00 -3.042270e-02
2.196552e+01 -1.131615e+00 -2.748414e-02
2.232370e+01 -1.116610e+00 -3.023213e-02
2.268773e+01 -1.109692e+00 -2.629280e-02
2.305770e+01 -1.106594e+00 -2.694601e-02
2.343369e+01 -1.106186e+00 -3.084061e-02
2.381582e+01 -1.101559e+00 -2.144527e-02
2.420418e+01 -1.107164e+00 -2.662154e-02
2.459887e+01 -1.100519e+00 -2.955813e-02
2.500000e+01 -1.094718e+00 -1.964734e-02
