2.500000e-01 5.655749e-02 7.113169e-03
2.558528e-01 5.678746e-02 7.254413e-03
2.618427e-01 5.738713e-02 6.342652e-03
2.679728e-01 5.615296e-02 7.591812e-03
2.742465e-01 5.850018e-02 6.952138e-03
2.806669e-01 5.849455e-02 8.684638e-03
2.872378e-01 5.827512e-02 8.642113e-03
2.939624e-01 5.761198e-02 7.504184e-03
3.008445e-01 5.761386e-02 8.457424e-03
3.078876e-01 5.674564e-02 8.230677e-03
3.150957e-01 5.692349e-02 6.342235e-03
3.224726e-01 4.412020e-02 3.381062e-03
3.300221e-01 4.515132e-02 4.287272e-03
3.377484e-01 4.129520e-02 4.868141e-03
3.456555e-01 4.482610e-02 4.731094e-03
3.537478e-01 4.443668e-02 3.599856e-03
3.620296e-01 4.235574e-02 1.186141e-03
3.705052e-01 4.259908e-02 2.642258e-03
3.791792e-01 4.223966e-02 2.404637e-03
3.880563e-01 4.480495e-02 3.663580e-03
3.971413e-01 4.106308e-02 6.229275e-04
4.064389e-01 4.143294e-02 2.540352e-03
4.159542e-01 4.181500e-02 4.020122e-03
4.256923e-01 4.200991e-02 2.655252e-03
4.356583e-01 4.253496e-02 3.062053e-03
4.458577e-01 3.951537e-02 2.129078e-03
4.562959e-01 4.112246e-02 2.743627e-03
4.669784e-01 3.956681e-02 1.490572e-03
4.779110e-01 3.772893e-02 1.379342e-03
4.890996e-01 3.939497e-02 8.252626e-04
5.005501e-01 3.779858e-02 -7.481002e-04
5.122687e-01 3.715391e-02 2.224410e-03
5.242616e-01 3.623243e-02 -4.001209e-04
5.365353e-01 3.955017e-02 1.546277e-03
5.490963e-01 3.471851e-02 5.021364e-05
5.619515e-01 3.578132e-02 7.429636e-04
5.751075e-01 3.594644e-02 1.399931e-03
5.885716e-01 3.591006e-02 2.097926e-03
6.023509e-01 3.399052e-02 5.119502e-04
6.164528e-01 3.777554e-02 2.336368e-04
6.308848e-01 3.305065e-02 2.196525e-03
6.456547e-01 3.136960e-02 5.126868e-04
6.607704e-01 2.990416e-02 2.703388e-03
6.762399e-01 3.023260e-02 9.646552e-04
6.920717e-01 2.802391e-02 5.993292e-04
7.082740e-01 2.522363e-02 1.945571e-04
7.248557e-01 2.619831e-02 2.705013e-03
7.418256e-01 2.572949e-02 1.898756e-03
7.591928e-01 2.446311e-02 3.133956e-03
7.769666e-01 2.365665e-02 2.129639e-03
7.951564e-01 2.166463e-02 3.671390e-03
8.137721e-01 2.336243e-02 2.976931e-03
8.328237e-01 1.951269e-02 3.256589e-03
8.523213e-01 1.875474e-02 5.641489e-03
8.722753e-01 1.804543e-02 6.554357e-03
8.926965e-01 1.773716e-02 8.874751e-03
9.135958e-01 1.839376e-02 1.117105e-02
9.349843e-01 1.993000e-02 1.126514e-02
9.568736e-01 2.013065e-02 9.356899e-03
9.792753e-01 1.939982e-02 1.003528e-02
1.002202e+00 2.126594e-02 7.791179e-03
1.025665e+00 1.870753e-02 1.485137e-02
1.049677e+00 1.711645e-02 1.217708e-02
1.074251e+00 1.502377e-02 9.938989e-03
1.099401e+00 1.753980e-02 1.485953e-02
1.125139e+00 8.312612e-03 2.061130e-03
1.151481e+00 1.427100e-02 2.578063e-02
1.178438e+00 4.195789e-03 4.123247e-03
1.206027e+00 1.094454e-02 1.187682e-02
1.234262e+00 4.730771e-03 7.128871e-03
1.263158e+00 3.539571e-03 6.066923e-03
1.292730e+00 -2.182946e-04 9.666178e-03
1.322995e+00 -2.670348e-03 4.454977e-03
1.353968e+00 -2.741875e-03 4.888223e-03
1.385666e+00 -1.222454e-02 7.458114e-03
1.418107e+00 -1.406250e-02 6.580563e-03
1.451306e+00 -1.863059e-02 7.420944e-03
1.485283e+00 -2.164653e-02 3.306778e-03
1.520056e+00 -2.871256e-02 2.059200e-03
1.555643e+00 -3.490962e-02 5.629617e-03
1.592062e+00 -4.368242e-02 6.106669e-03
1.629335e+00 -4.679517e-02 9.637506e-03
1.667480e+00 -5.103975e-02 9.869548e-03
1.706518e+00 -6.228638e-02 6.937667e-03
1.746470e+00 -7.221695e-02 6.304956e-03
1.787357e+00 -7.909886e-02 8.812534e-03
1.829202e+00 -9.277967e-02 9.391659e-03
1.872026e+00 -1.061048e-01 1.068756e-02
1.915853e+00 -1.223569e-01 8.834831e-03
1.960706e+00 -1.453550e-01 1.485100e-02
2.006608e+00 -1.752531e-01 1.996075e-02
2.053586e+00 -2.092222e-01 2.068992e-02
2.101663e+00 -2.566008e-01 2.527072e-02
2.150866e+00 -3.218939e-01 3.987266e-02
2.201221e+00 -3.746414e-01 5.916378e-02
2.252754e+00 -5.125637e-01 1.137500e-01
2.305495e+00 -9.776668e-01 4.574047e-01
2.359470e+00 -7.500240e-01 1.124163e+00
2.414708e+00 5.423126e-01 1.297932e+00
2.471240e+00 3.471272e-01 1.921225e-01
2.529095e+00 7.266047e-02 6.389106e-01
2.588305e+00 4.800992e-01 4.441379e-01
2.648901e+00 4.110861e-01 2.008813e-01
2.710915e+00 3.026946e-01 1.046729e-01
2.774381e+00 2.345312e-01 6.127713e-02
2.839333e+00 1.641761e-01 3.580666e-02
2.905806e+00 1.199230e-01 3.268544e-02
2.973835e+00 7.716634e-02 2.433518e-02
3.043457e+00 4.122992e-02 2.075553e-02
3.114708e+00 1.243299e-02 1.483927e-02
3.187628e+00 -2.169962e-02 3.215467e-03
3.262255e+00 -4.661576e-02 -1.498269e-03
3.338629e+00 -1.057770e-01 3.707099e-04
3.416791e+00 -1.468391e-01 7.281309e-03
3.496783e+00 -2.047693e-01 1.534206e-02
3.578647e+00 -2.255580e-01 -6.363049e-03
3.662428e+00 -2.753506e-01 -7.178088e-03
3.748171e+00 -3.454574e-01 -2.144501e-02
3.835921e+00 -4.292571e-01 -1.851809e-02
3.925725e+00 -5.687752e-01 -1.600754e-02
4.017632e+00 -6.043119e-01 -6.361705e-02
4.111691e+00 -8.537053e-01 -1.369615e-01
4.207951e+00 -1.242060e+00 -5.394006e-01
4.306465e+00 -2.667688e+00 -4.333709e-01
4.407285e+00 -3.664719e+00 5.026947e-01
4.510466e+00 -4.545003e+00 2.204240e+00
4.616062e+00 -6.158861e+00 1.157119e+01
4.724131e+00 3.875428e+00 1.086967e+01
4.834729e+00 7.126280e+00 3.528215e+00
4.947917e+00 4.545174e+00 1.188144e+00
5.063755e+00 3.705073e+00 7.599606e-01
5.182304e+00 2.948350e+00 4.371285e-01
5.303629e+00 2.525152e+00 2.551788e-01
5.427795e+00 2.173207e+00 2.079919e-01
5.554867e+00 2.030170e+00 6.102661e-02
5.684915e+00 1.848677e+00 8.861398e-02
5.818006e+00 1.775785e+00 3.135319e-02
5.954214e+00 1.711625e+00 -1.547104e-02
6.093610e+00 1.642086e+00 -5.426104e-02
6.236270e+00 1.600338e+00 -2.445328e-02
6.382270e+00 1.545755e+00 -2.104096e-02
6.531688e+00 1.552704e+00 -8.210364e-02
6.684604e+00 1.600981e+00 -1.440682e-01
6.841100e+00 1.619331e+00 -1.122314e-01
7.001260e+00 1.719133e+00 -1.596139e-01
7.165169e+00 1.695366e+00 -1.735946e-01
7.332916e+00 1.847476e+00 -2.603352e-01
7.504590e+00 1.968557e+00 -3.364058e-01
7.680283e+00 2.081302e+00 -5.416192e-01
7.860089e+00 2.320574e+00 -7.425577e-01
8.044105e+00 2.690303e+00 -1.119816e+00
8.232429e+00 2.689236e+00 -1.342879e+00
8.425160e+00 2.958746e+00 -2.431336e+00
8.622406e+00 2.729034e+00 -3.839245e+00
8.824268e+00 8.791624e-01 -4.828357e+00
9.030857e+00 -7.950582e-01 -4.716811e+00
9.242282e+00 -1.914478e+00 -3.560931e+00
9.458656e+00 -2.083195e+00 -2.359133e+00
9.680097e+00 -1.778784e+00 -1.387485e+00
9.906722e+00 -1.595723e+00 -1.016298e+00
1.013865e+01 -1.366776e+00 -7.168644e-01
1.037601e+01 -1.244761e+00 -5.402072e-01
1.061893e+01 -9.946027e-01 -4.173185e-01
1.086753e+01 -8.848443e-01 -3.368774e-01
1.112196e+01 -7.567836e-01 -2.701470e-01
1.138234e+01 -6.740122e-01 -2.105381e-01
1.164881e+01 -5.917931e-01 -1.883692e-01
1.192153e+01 -5.283041e-01 -1.586807e-01
1.220063e+01 -4.846922e-01 -1.479587e-01
1.248626e+01 -4.452886e-01 -1.288931e-01
1.277858e+01 -4.069153e-01 -1.070893e-01
1.307775e+01 -3.693605e-01 -1.008177e-01
1.338392e+01 -3.428808e-01 -8.135190e-02
1.369725e+01 -3.190364e-01 -7.805059e-02
1.401793e+01 -2.909125e-01 -7.083936e-02
1.434610e+01 -2.667746e-01 -6.422127e-02
1.468197e+01 -2.456582e-01 -5.525155e-02
1.502569e+01 -2.333474e-01 -5.573238e-02
1.537746e+01 -2.186785e-01 -5.011661e-02
1.573747e+01 -2.057995e-01 -4.328173e-02
1.610591e+01 -1.895640e-01 -4.500635e-02
1.648297e+01 -1.760274e-01 -4.157284e-02
1.686886e+01 -1.666801e-01 -3.772259e-02
1.726378e+01 -1.568735e-01 -3.692435e-02
1.766795e+01 -1.493683e-01 -3.895737e-02
1.808158e+01 -1.373221e-01 -3.452044e-02
1.850490e+01 -1.305326e-01 -3.155048e-02
1.893813e+01 -1.221211e-01 -2.839959e-02
1.938149e+01 -1.133011e-01 -2.581874e-02
1.983524e+01 -1.100374e-01 -2.742970e-02
2.029961e+01 -1.001078e-01 -2.232062e-02
2.077485e+01 -9.695210e-02 -2.032465e-02
2.126122e+01 -9.232604e-02 -2.028213e-02
2.175898e+01 -8.483194e-02 -2.107614e-02
2.226839e+01 -8.252584e-02 -1.787348e-02
2.278972e+01 -7.683925e-02 -1.749553e-02
2.332326e+01 -7.301760e-02 -1.417837e-02
2.386929e+01 -7.089102e-02 -1.479532e-02
2.442810e+01 -6.278461e-02 -1.439886e-02
2.500000e+01 -6.195664e-02 -1.833017e-02
