1.000000e+00 2.134304e-02 -1.119185e-03
1.016307e+00 1.347698e-02 -1.925369e-03
1.032879e+00 3.048173e-02 3.370200e-03
1.049722e+00 2.995680e-02 2.367471e-03
1.066840e+00 1.479274e-02 -4.964508e-03
1.084237e+00 1.553852e-02 -3.004396e-03
1.101917e+00 2.341979e-02 1.055318e-03
1.119886e+00 8.900600e-03 -2.647798e-03
1.138148e+00 4.406275e-02 2.444589e-03
1.156707e+00 2.317772e-02 -1.619249e-02
1.175569e+00 2.475814e-02 1.162105e-02
1.194739e+00 2.458174e-02 1.956889e-03
1.214221e+00 1.569687e-02 1.488720e-03
1.234021e+00 1.016387e-02 -7.400922e-03
1.254144e+00 1.078950e-02 -2.726962e-03
1.274595e+00 6.883321e-03 -3.707147e-03
1.295380e+00 1.619298e-02 4.104842e-03
1.316504e+00 1.076017e-02 3.958655e-03
1.337971e+00 1.040556e-02 1.016129e-02
1.359789e+00 3.496869e-03 1.242693e-03
1.381963e+00 -1.617817e-03 -6.655936e-03
1.404499e+00 -8.447266e-03 -1.099935e-02
1.427401e+00 -4.625912e-04 7.740881e-03
1.450678e+00 -4.388605e-03 -4.695331e-03
1.474334e+00 -1.895342e-03 7.180991e-03
1.498375e+00 -5.588229e-03 1.013823e-02
1.522809e+00 -9.033039e-03 2.209001e-03
1.547641e+00 -1.194203e-02 4.580458e-03
1.572878e+00 -1.821301e-02 -3.933966e-03
1.598527e+00 -2.566354e-02 -1.093161e-02
1.624593e+00 -2.078655e-02 -7.581671e-03
1.651085e+00 -2.618628e-02 -8.538360e-03
1.678009e+00 -2.842371e-02 -3.816872e-03
1.705372e+00 -3.940885e-02 1.490240e-03
1.733181e+00 -3.851360e-02 -9.861826e-04
1.761444e+00 -4.627607e-02 -4.240282e-03
1.790167e+00 -5.835758e-02 6.140837e-03
1.819359e+00 -5.316668e-02 -3.542605e-03
1.849027e+00 -6.071242e-02 -1.496821e-03
1.879179e+00 -7.285955e-02 -3.063274e-03
1.909822e+00 -8.202900e-02 2.858639e-03
1.940965e+00 -9.909291e-02 8.620033e-04
1.972616e+00 -9.999077e-02 -3.674708e-03
2.004783e+00 -1.135652e-01 -7.276462e-03
2.037475e+00 -1.430775e-01 4.843868e-03
2.070699e+00 -1.490558e-01 4.655621e-03
2.104466e+00 -1.754587e-01 1.089167e-02
2.138783e+00 -2.160267e-01 6.956487e-03
2.173660e+00 -2.583864e-01 1.937693e-02
2.209105e+00 -3.043985e-01 1.084526e-02
2.245129e+00 -3.704661e-01 3.046632e-02
2.281739e+00 -5.094826e-01 4.853712e-02
2.318947e+00 -6.839891e-01 9.262848e-02
2.356762e+00 -1.035806e+00 9.602678e-02
2.395193e+00 -2.317464e+00 6.619316e-01
2.434251e+00 2.872919e+00 1.154789e+01
2.473946e+00 2.171918e+00 2.831391e-01
2.514288e+00 1.723821e+00 8.038572e-02
2.555288e+00 2.247855e+00 -2.712243e-01
2.596956e+00 -2.974868e-01 -1.287378e+00
2.639304e+00 -2.295368e-01 -4.194157e-02
2.682343e+00 1.409513e-02 -3.346100e-02
2.726083e+00 5.957257e-02 -1.746539e-02
2.770537e+00 6.741041e-02 -1.416813e-02
2.815715e+00 5.843147e-02 -8.068748e-03
2.861631e+00 6.082849e-02 -3.936374e-03
2.908295e+00 3.579831e-02 -2.303868e-03
2.955719e+00 2.565414e-02 8.742551e-04
3.003918e+00 2.312732e-02 -2.182144e-03
3.052902e+00 -2.380902e-03 -2.917860e-03
3.102685e+00 -1.354569e-02 1.082104e-03
3.153280e+00 -3.737214e-02 2.777404e-04
3.204700e+00 -5.218984e-02 -6.137823e-04
3.256958e+00 -7.117191e-02 -2.257557e-03
3.310069e+00 -1.009175e-01 -3.700831e-03
3.364045e+00 -1.232601e-01 7.687914e-03
3.418902e+00 -1.557861e-01 -1.543667e-02
3.474653e+00 -2.088747e-01 -5.909453e-04
3.531314e+00 -2.006037e-01 1.018145e-02
3.588898e+00 -2.474664e-01 1.384678e-02
3.647421e+00 -2.881815e-01 2.123555e-02
3.706899e+00 -3.405889e-01 2.782976e-02
3.767347e+00 -4.125515e-01 2.844614e-02
3.828780e+00 -4.936718e-01 5.341285e-02
3.891215e+00 -5.691134e-01 5.898181e-02
3.954668e+00 -7.192200e-01 9.159712e-02
4.019156e+00 -8.642023e-01 1.560567e-01
4.084696e+00 -1.107294e+00 2.410687e-01
4.151304e+00 -1.359176e+00 3.546747e-01
4.218998e+00 -1.891525e+00 6.827964e-01
4.287796e+00 -2.398841e+00 1.524319e+00
4.357717e+00 -2.582876e+00 3.847859e+00
4.428777e+00 -9.800525e-02 5.111151e+00
4.500996e+00 1.607693e+00 4.050343e+00
4.574393e+00 1.573815e+00 3.889309e+00
4.648987e+00 2.659916e+00 2.404844e+00
4.724797e+00 2.678122e+00 7.288393e-01
4.801843e+00 2.110127e+00 2.494848e-01
4.880146e+00 1.693285e+00 2.386479e-01
4.959725e+00 1.512752e+00 1.165566e-01
5.040602e+00 1.357851e+00 5.901435e-02
5.122798e+00 1.289918e+00 9.146004e-02
5.206335e+00 1.220745e+00 5.669126e-02
5.291233e+00 1.128599e+00 4.614408e-02
5.377516e+00 1.090961e+00 4.685408e-02
5.465206e+00 1.037573e+00 4.110188e-02
5.554326e+00 1.017588e+00 4.257664e-02
5.644899e+00 9.867776e-01 3.816529e-03
5.736949e+00 9.717667e-01 2.054905e-02
5.830501e+00 9.446296e-01 6.420097e-03
5.925577e+00 9.239922e-01 -2.714133e-03
6.022204e+00 9.319480e-01 -6.911364e-03
6.120407e+00 9.443599e-01 -2.444314e-03
6.220211e+00 9.299885e-01 -2.445169e-02
6.321643e+00 9.305611e-01 -2.409131e-02
6.424728e+00 9.301038e-01 -4.433766e-02
6.529495e+00 9.360440e-01 -3.298835e-02
6.635970e+00 9.661101e-01 -4.457879e-02
6.744182e+00 9.825615e-01 -6.494646e-02
6.854157e+00 1.013882e+00 -7.956276e-02
6.965927e+00 1.036980e+00 -9.166874e-02
7.079518e+00 1.066985e+00 -1.044872e-01
7.194963e+00 1.122892e+00 -1.286720e-01
7.312289e+00 1.148062e+00 -1.685545e-01
7.431530e+00 1.214005e+00 -1.784309e-01
7.552714e+00 1.299689e+00 -2.306206e-01
7.675874e+00 1.377056e+00 -2.865836e-01
7.801043e+00 1.430278e+00 -3.893407e-01
7.928253e+00 1.578554e+00 -4.368255e-01
8.057537e+00 1.668447e+00 -6.013193e-01
8.188930e+00 1.905556e+00 -8.712129e-01
8.322465e+00 1.942832e+00 -1.145699e+00
8.458178e+00 2.031511e+00 -1.683271e+00
8.596103e+00 2.058961e+00 -2.346514e+00
8.736278e+00 1.609031e+00 -2.856094e+00
8.878738e+00 6.078610e-01 -3.519140e+00
9.023522e+00 -4.564446e-01 -3.268465e+00
9.170667e+00 -1.201152e+00 -2.623858e+00
9.320210e+00 -1.343913e+00 -1.985213e+00
9.472194e+00 -1.380554e+00 -1.444037e+00
9.626655e+00 -1.295817e+00 -1.028061e+00
9.783634e+00 -1.143108e+00 -7.970338e-01
9.943173e+00 -1.045800e+00 -6.212323e-01
1.010532e+01 -9.222657e-01 -5.091012e-01
1.027010e+01 -8.464911e-01 -4.073304e-01
1.043757e+01 -7.638707e-01 -3.527750e-01
1.060778e+01 -6.830571e-01 -2.953800e-01
1.078075e+01 -6.193040e-01 -2.414030e-01
1.095655e+01 -5.593410e-01 -2.146997e-01
1.113522e+01 -5.196663e-01 -1.915821e-01
1.131680e+01 -4.805924e-01 -1.623500e-01
1.150134e+01 -4.405493e-01 -1.493869e-01
1.168889e+01 -4.109225e-01 -1.407239e-01
1.187950e+01 -3.799414e-01 -1.165260e-01
1.207321e+01 -3.489030e-01 -1.045113e-01
1.227009e+01 -3.260220e-01 -9.376371e-02
1.247018e+01 -3.107824e-01 -9.655522e-02
1.267352e+01 -2.811010e-01 -8.429692e-02
1.288019e+01 -2.745466e-01 -8.133118e-02
1.309022e+01 -2.531523e-01 -7.532704e-02
1.330368e+01 -2.468263e-01 -6.796874e-02
1.352062e+01 -2.318385e-01 -5.930480e-02
1.374110e+01 -2.134464e-01 -6.345108e-02
1.396517e+01 -2.020860e-01 -5.553059e-02
1.419290e+01 -1.956252e-01 -5.106814e-02
1.442434e+01 -1.825361e-01 -4.516873e-02
1.465956e+01 -1.708168e-01 -4.827512e-02
1.489861e+01 -1.652476e-01 -4.955589e-02
1.514155e+01 -1.526225e-01 -4.093275e-02
1.538846e+01 -1.537630e-01 -4.006400e-02
1.563940e+01 -1.404773e-01 -3.858760e-02
1.589443e+01 -1.415536e-01 -3.442017e-02
1.615362e+01 -1.359848e-01 -3.601913e-02
1.641703e+01 -1.227452e-01 -3.124859e-02
1.668474e+01 -1.188114e-01 -3.003897e-02
1.695681e+01 -1.180835e-01 -3.076968e-02
1.723332e+01 -1.082610e-01 -2.505711e-02
1.751434e+01 -1.047092e-01 -2.440668e-02
1.779995e+01 -1.023112e-01 -2.920572e-02
1.809021e+01 -9.591844e-02 -2.535976e-02
1.838520e+01 -9.675841e-02 -2.752603e-02
1.868500e+01 -9.229926e-02 -2.440927e-02
1.898969e+01 -8.682526e-02 -1.884987e-02
1.929936e+01 -8.312351e-02 -1.838284e-02
1.961407e+01 -7.280655e-02 -2.300752e-02
1.993391e+01 -7.944960e-02 -1.772473e-02
2.025897e+01 -7.039598e-02 -1.694776e-02
2.058932e+01 -7.153085e-02 -2.055384e-02
2.092507e+01 -6.872076e-02 -1.998123e-02
2.126629e+01 -6.340553e-02 -1.730298e-02
2.161308e+01 -6.213693e-02 -1.594434e-02
2.196552e+01 -6.138941e-02 -1.763467e-02
2.232370e+01 -5.691218e-02 -1.533744e-02
2.268773e+01 -5.702908e-02 -1.474097e-02
2.305770e+01 -5.322541e-02 -1.533375e-02
2.343369e+01 -5.344078e-02 -1.467851e-02
2.381582e+01 -4.779959e-02 -1.135186e-02
2.420418e+01 -4.852620e-02 -1.355104e-02
2.459887e+01 -5.068167e-02 -8.749782e-03
2.500000e+01 -4.713585e-02 -1.335472e-02
