8.000000e-01 1.672811e-01 1.626857e-03
8.283035e-01 1.666070e-01 1.738281e-03
8.576083e-01 1.686933e-01 2.806613e-03
8.879499e-01 1.702997e-01 5.049418e-05
9.193650e-01 1.701016e-01 7.799818e-04
9.518915e-01 1.732773e-01 7.316848e-04
9.855688e-01 1.718180e-01 -4.259430e-04
1.020438e+00 1.736866e-01 -3.287227e-03
1.056540e+00 1.766256e-01 -1.412356e-03
1.093920e+00 1.771251e-01 -4.382856e-03
1.132622e+00 1.797988e-01 -6.786651e-03
1.172693e+00 1.800513e-01 -1.212608e-02
1.214182e+00 1.794145e-01 -1.532437e-02
1.257139e+00 1.772941e-01 -2.346774e-02
1.301616e+00 1.705829e-01 -2.138753e-02
1.347667e+00 1.677106e-01 -2.845899e-03
1.395346e+00 1.865238e-01 2.574081e-02
1.444712e+00 2.086889e-01 4.217310e-02
1.495825e+00 2.355379e-01 4.870421e-02
1.548747e+00 2.469221e-01 4.798525e-02
1.603540e+00 2.669898e-01 4.290241e-02
1.660273e+00 2.794871e-01 3.975322e-02
1.719012e+00 2.923821e-01 3.765008e-02
1.779829e+00 2.941573e-01 3.508209e-02
1.842799e+00 3.043202e-01 2.971286e-02
1.907996e+00 3.147406e-01 3.055777e-02
1.975499e+00 3.337760e-01 2.674138e-02
2.045391e+00 3.709790e-01 2.495209e-02
2.117756e+00 4.263402e-01 1.143446e-02
2.192681e+00 5.250431e-01 -1.284319e-02
2.270256e+00 7.527464e-01 -7.796488e-02
2.350576e+00 1.251934e+00 -4.134826e-01
2.433738e+00 8.159595e-01 -3.283729e+00
2.519842e+00 -1.522798e+00 -5.208210e-01
2.608993e+00 -8.850837e-01 -5.090341e-02
2.701297e+00 -4.788565e-01 1.824305e-01
2.796867e+00 -3.594552e-01 1.328353e-01
2.895818e+00 -3.133749e-01 1.196888e-01
2.998271e+00 -2.992969e-01 9.694839e-02
3.104347e+00 -2.946018e-01 9.663115e-02
3.214177e+00 -2.992840e-01 8.273897e-02
3.327893e+00 -3.128040e-01 8.921200e-02
3.445631e+00 -3.421731e-01 1.147738e-01
3.567535e+00 -3.702982e-01 1.270884e-01
3.693752e+00 -4.331666e-01 1.740142e-01
3.824435e+00 -5.359052e-01 2.575544e-01
3.959741e+00 -6.790204e-01 3.921369e-01
4.099834e+00 -7.990344e-01 4.791294e-01
4.244884e+00 -9.058305e-01 4.973588e-01
4.395064e+00 -2.048799e+00 5.252836e-01
4.550559e+00 -1.270088e+00 3.909601e+00
4.711555e+00 1.512389e+00 2.661691e+00
4.878246e+00 2.284519e+00 1.793082e+00
5.050836e+00 1.961645e+00 1.061866e+00
5.229531e+00 1.780396e+00 5.829552e-01
5.414548e+00 1.607905e+00 4.190945e-01
5.606112e+00 1.482725e+00 2.966357e-01
5.804452e+00 1.403940e+00 1.864354e-01
6.009809e+00 1.368268e+00 1.271351e-01
6.222433e+00 1.357730e+00 8.155823e-02
6.442578e+00 1.374985e+00 1.822516e-02
6.670512e+00 1.413854e+00 -2.755470e-02
6.906511e+00 1.497851e+00 -5.273536e-02
7.150858e+00 1.605500e+00 -2.241612e-01
7.403851e+00 1.770472e+00 -3.379086e-01
7.665794e+00 2.023155e+00 -6.229566e-01
7.937006e+00 2.248351e+00 -1.158404e+00
8.217812e+00 2.492530e+00 -1.962928e+00
8.508552e+00 1.695898e+00 -3.585431e+00
8.809579e+00 -4.058597e-01 -3.688744e+00
9.121256e+00 -1.455494e+00 -2.376108e+00
9.443960e+00 -1.469847e+00 -1.431657e+00
9.778081e+00 -1.260233e+00 -8.593475e-01
1.012402e+01 -1.024580e+00 -5.910002e-01
1.048220e+01 -8.205415e-01 -4.050470e-01
1.085306e+01 -6.781130e-01 -3.019792e-01
1.123703e+01 -5.679897e-01 -2.372948e-01
1.163459e+01 -4.836543e-01 -1.813622e-01
1.204622e+01 -4.105753e-01 -1.578411e-01
1.247240e+01 -3.675938e-01 -1.281219e-01
1.291367e+01 -3.197701e-01 -1.077898e-01
1.337054e+01 -2.864672e-01 -9.526329e-02
1.384359e+01 -2.514417e-01 -8.466735e-02
1.433336e+01 -2.262978e-01 -7.363213e-02
1.484047e+01 -2.026639e-01 -6.712083e-02
1.536551e+01 -1.807322e-01 -5.966370e-02
1.590913e+01 -1.610652e-01 -5.254063e-02
1.647199e+01 -1.447849e-01 -4.738790e-02
1.705476e+01 -1.349021e-01 -4.328324e-02
1.765814e+01 -1.236810e-01 -3.580558e-02
1.828288e+01 -1.119677e-01 -3.477353e-02
1.892971e+01 -1.036678e-01 -3.027943e-02
1.959943e+01 -9.484067e-02 -3.234182e-02
2.029285e+01 -8.773402e-02 -2.644235e-02
2.101080e+01 -8.238950e-02 -2.392342e-02
2.175414e+01 -7.430821e-02 -2.451741e-02
2.252379e+01 -6.483287e-02 -2.082105e-02
2.332067e+01 -6.064552e-02 -1.819695e-02
2.414574e+01 -5.874004e-02 -2.022157e-02
2.500000e+01 -5.717705e-02 -1.543526e-02
